1000
663
354
679
339
557
707
351
181
267
494
564
139
48
464
620
409
401
273
749
156
638
751
869
904
305
879
125
363
229
578
887
161
752
828
490
428
350
491
338
385
126
556
708
220
281
713
73
252
623
463
83
479
295
61
12
753
946
231
783
942
837
784
861
897
781
200
29
492
86
890
945
101
472
77
315
394
511
116
134
438
18
513
366
711
11
408
34
446
940
911
456
327
374
286
932
610
309
882
115
770
889
814
260
836
25
758
775
240
850
495
392
287
52
898
877
310
542
671
949
648
525
766
853
56
902
64
596
826
647
457
900
576
541
67
499
445
307
425
841
169
98
659
384
612
688
967
824
545
431
483
148
998
461
264
514
845
963
117
971
333
110
150
809
729
190
958
646
779
733
337
395
759
622
943
418
242
228
204
899
300
527
186
563
485
847
69
789
340
885
391
652
180
880
621
246
31
661
324
484
321
700
585
328
299
559
153
364
862
682
95
764
872
360
135
318
103
709
858
625
118
984
603
754
540
732
87
934
45
488
681
53
602
94
590
651
486
802
373
379
92
736
666
91
417
219
136
675
600
548
521
504
627
676
114
39
555
199
619
657
24
376
637
206
326
44
937
547
197
397
530
941
253
284
866
538
727
956
450
176
174
60
183
221
972
470
920
131
259
19
505
842
282
6
615
440
109
314
290
873
728
883
325
1
96
50
104
106
239
531
80
380
459
311
592
65
323
411
640
357
498
285
211
225
664
721
90
533
901
755
925
168
138
344
549
316
693
909
806
238
269
245
952
978
969
353
234
250
574
435
986
3
871
306
140
5
822
626
85
54
496
194
792
191
913
508
834
631
921
213
649
184
867
977
107
795
722
124
448
613
159
569
189
591
990
404
701
924
236
188
919
369
313
791
13
881
41
579
462
876
677
63
23
365
723
566
429
810
289
381
712
432
891
954
466
838
593
731
279
539
710
501
468
241
611
581
673
410
196
224
330
762
605
604
127
771
608
46
535
860
372
57
507
583
823
918
465
377
786
414
532
724
874
704
609
653
689
855
905
584
15
405
51
665
686
38
685
296
968
158
804
343
769
788
185
436
746
607
595
471
588
40
480
473
995
301
807
747
427
133
72
975
738
222
658
816
684
271
546
434
230
319
78
302
388
177
831
262
503
552
9
829
248
152
424
544
537
589
582
355
955
346
497
8
137
393
163
430
827
292
575
635
929
520
341
551
352
750
261
523
601
553
291
962
914
763
21
639
389
255
760
422
2
697
642
852
598
192
818
993
256
743
678
111
586
939
719
356
293
748
84
368
509
99
358
336
203
654
165
839
223
423
387
817
371
776
362
868
274
322
568
175
160
801
980
773
209
981
348
4
863
76
42
633
922
994
227
580
304
447
475
390
864
0
342
257
650
714
950
442
144
26
37
742
1000
415
756
931
243
443
606
476
280
926
217
58
182
892
359
944
49
193
59
244
516
787
805
382
502
915
493
656
670
680
690
149
629
254
782
178
367
744
655
88
166
170
851
630
669
554
634
947
725
808
270
258
155
312
985
345
702
528
437
226
263
122
108
739
232
997
976
268
989
129
441
734
416
813
128
386
726
687
692
668
102
767
162
996
560
487
75
799
790
961
249
550
506
519
715
455
398
7
636
672
187
953
100
840
970
375
347
482
645
674
198
951
903
720
403
173
644
966
928
303
378
933
730
812
27
982
142
329
207
16
278
62
641
561
266
870
683
565
421
210
524
334
543
145
973
948
426
237
983
618
467
895
624
349
835
383
562
888
452
522
785
105
331
848
214
288
70
35
616
577
157
433
843
297
695
567
449
120
757
570
399
141
251
536
886
780
844
830
277
716
146
534
93
265
518
406
916
89
164
469
717
999
741
123
796
832
308
20
856
529
988
936
794
439
216
745
912
935
572
793
407
81
667
112
32
571
558
761
696
735
283
849
706
205
927
765
294
453
36
97
894
235
910
119
917
402
691
460
10
811
846
332
361
33
614
481
130
167
420
215
247
143
154
965
298
660
171
884
201
820
79
396
451
800
930
66
896
865
30
938
500
632
960
778
594
132
179
444
987
923
957
974
959
964
774
208
798
694
768
370
573
718
526
512
195
68
587
47
797
320
699
517
17
698
597
413
991
275
121
662
854
55
82
857
474
803
400
212
772
617
992
412
906
510
22
478
875
172
458
908
859
74
821
489
815
979
599
628
317
819
151
737
825
705
893
276
833
28
643
419
43
218
202
777
515
14
477
71
335
233
113
740
878
703
454
147
907
272
